796230561951933224202391194639232647980042759868, 919209330647889534959203779805082263743230482248, 8
934597331517861556837051330753118683907673025151, 1168557483255682935504847168857164619109254252863, 21
671832515524955099612019521471551362944080309341, 1353678448089782992237967867657618139359011781287, 11
375197777092829454114349052618708705250879119823, 1424140236306585501527496200254237594025651794692, 28
331138870861951248274257948706377048484754542932, 1153806732780405118047938905008849991671538593980, 3
454320237664308222573179234426716247793500627574, 1018801245590640128983299451821320972252190237428, 31
904029788165910355636240528469303911070784628158, 236444437517744617467080491812742954533729310531, 0
1146763867713108090380361823193813590163400412736, 1183202337701726258952005393488787299925057833272, 0
531684443777013554924932986315174047541417948653, 1386098040340961037193195977759685969229051197904, 29
613171609994105555401973909697725765332730163811, 2403690547480385345732771286290552191682730101, 7
1320473563416655030672211548359729027200982038560, 73145444708445903961423202218581606079808344188, 28
1317727044361445982677988085837131784956463282274, 612253727086320893410944772559657032040932437821, 17
575594767459614784614616288030738130762164800092, 361580232915971074011572496688976729563881694127, 14
951478867150591603255394976030719111232806811351, 254646323168906848093662835606452634773340847883, 27
1061353171171814782999023058730103547721954028504, 1435950450940518522873035527020891605934378381754, 13
1244138596445658177622312083195400062579714846659, 871200765144935161090941173462730323858038698654, 2
1089696112674361899213357151595732429388111779125, 1049314119837055857847019632743394530853974405452, 17
905572256210040006285773329163318617688379007495, 314390369443648267894336481864134549517712851610, 0
1176530601659422936817488431777984219906739931022, 102346357184805045762839897380043533183925974298, 0
969065977796128201972396773421016699454109144102, 578660143964471389645189421222811966329601490869, 3
242220666806610928010634814545786748677025203952, 1079447568247253854916402960696754524556583655030, 2
565590150516828510816125981475273956507044993761, 673257915802247918948796469854548506452027393796, 22
1003419192839007010357324360418090086128717199620, 110839007418769760305541008113966663159531360269, 26
903098947929052051017864932733273604741640413331, 1327303637514496849366885143522438936585078233748, 24
304290817075836711608271855398920532094456915809, 756517314045890309859416682104814032173203571317, 18
29390025562974037208431235266947758971782885053, 419755691063788941666552125483133070801758357704, 24
1309963849000540936755496704653973936875262011088, 644712598946828367842403904930615728145430089610, 13
800859445892464342312011455547872844203181703680, 890988544235315411900114332316692160917275808518, 11
1371301793140427278386431727029929540637036152255, 1110928560717600810230426264182314934828688678273, 5
425507537858795132213775680581182642963459831979, 1440100508995330115469287810709371964544649651343, 23
28139040585840262714303029732455543607511513629, 622595345075976778158569749697968134378363145368, 2
1264167077501162852535076384771712036470936002361, 315413668920157859711705536874850674442868234460, 12
74727456677197160054222651190997982269676544205, 1279934798730641253783580439100991426552847934695, 1
193421662649925985820032518347556103709874349557, 1348676251050411261652644560504814290885169945034, 24
1276676372930844078121249839209626079413693155680, 1302122960105871609947161788401524326369827340189, 29
112579790225993176866902084477440701123815802472, 944909910235607531119386978635281278630879987457, 21
362951823565459960690397430546198721236887747173, 793695007764163241862061988166347840259273224690, 20
755641294856695656565241244949469615384031010902, 944554314569917446761908179310014996279382130196, 0
42344467561484254826681660365127356528750481511, 842715921570604294564321660193913945468589179887, 7
1362995035410653078480721383129746982703501601348, 1221469813263156699901623212235693370134472949797, 9
106634879770877534340653217115791817348401553093, 1315271350477087298462104857413268604640844322506, 13
1422813753950603320828778978582673842663959824486, 458125136392511168912498728151502152757430036106, 9
154399549453502988916416884832090116490571497447, 1343265963260328631586824247831165693358325308239, 23
516382019896445660748381924818688995277649645460, 1057647659229560750167228937390456972203310407952, 28
301860794005601627636772284907013487776445529039, 232736289019158695664785190882628063180252388576, 17
975432604108766877105967930773777375083156201063, 696344788500177898143645989658513112385042081403, 19
566241097872626956066914360405547949200903844605, 11902231385621227794905131512180364517864422583, 13
443623742831992292667926175406064379572981139492, 1233020563211109461106065657181735456230748378266, 27
582204186749894235265500625944993119154917388717, 481334863325626926037483022128331635461594905521, 0
560739390032517471404309820054909128959515093090, 273735096632804639529763651231914566416900109304, 14
1367695418586544669583589635176247054793814883172, 678229983755518003504416210867838807864572541338, 28
1201420840111557783811418778550600218693713426534, 1147041248214730290913637535030038694743621432311, 13
691121853272166407337568286377828459008283743409, 1338212621960188623772515962840591494563053611043, 12
415118053792359934657492145464763873585417478744, 182761627238707950552598035170307660603967122545, 19
144804570886956300439779661666768128051691098596, 755649340726978852930206692672138798453042715273, 31
1284326742553188614671524711129619465495181430012, 624614340372475997353821533170108336655215870626, 24
235887103708677666723796169534463283344749001511, 416455965174699282021730444961819436583331583512, 5
276262993945530006722120296444336770868327552476, 928525731691718837527483969865383134087746815280, 17
828706324231313033380407108030888433794587827353, 852778550456521306287036127028032109387112992257, 1
331459739679481216514903399644605417620200121107, 355208815101532921524536432418367164622982362791, 22
377393898220403975692360718104111766521650912757, 804766352413537244763215597007018994645004392186, 19
528185084918635771055298974123026444812545069882, 120622762411016983513298214442791974728956149105, 17
882617067486271003669088640626377735931267902949, 625936281891340699335008078140264952864076844015, 4
1201391396245651700685479526215454406402844261783, 396992064314162388311619695401143249381465017351, 20
569751867533023789285719585983392116927334650635, 194120172331658595640585897229652387264189658950, 9
1108781747955729183623369151716561328690043779323, 1226269387003271234701679805158305371111771096245, 22
859379457794655513176334860481092415398831979254, 315895802825971012507185668519502844086943414636, 15
999735421339578606598528259244678327226945989975, 618568355603121288348506142720402054634094848262, 4
709008961116613192535688710117842908420448177042, 1428864291569770001234735898704833469483531397849, 17
316255352613981253312529109557062475158847994147, 203101149878755922503827277277243623476952744759, 11
1410474894270220317652970804316708442268905515641, 217046381020162806211954624070328499927575116857, 15
258869112033014335624017759333165795623884781613, 794240871566191775063918766063353986372595637072, 19
1050938653653747901875716463351536757216436376281, 1232586531241306750407261061435565287985863706037, 18
836541319282837921910543106992533615791739829373, 797067299247759580091313730578077406020267839013, 29
1414428419800414041896637728760220906906409963269, 1269244489985506049764948039871776328067094653833, 2
1354291321214532836719311811914574896290330827484, 350014734554853857470933838751380416960044036902, 10
1380528406625432994961990766101936548434105647872, 1351164567622157210296508966314816761509179159961, 27
461017217218384506639167778940316706622673513146, 155833335959825273978579475213611816938653022633, 10
878374281273489039053752540698490743420298336109, 356631279562889898252332794942467781043294058793, 4
845951576210507481758894774422125655381235273758, 993865546772744541373507653245763322694251938601, 10
